1073741824S
0 0
5653 1
-5653 -1
51357 1
28089 1
-79446 -2
52715 1
-52715 -1
43788 1
-43788 -1
40693 1
-40693 -1
43492 1
-43492 -1
337098 1
-337098 -1
38953 1
29564 1
-68517 -2
35224 1
52148 1
52164 1
-139536 -3
52521 1
-52521 -1
7161595 1
28139 1
-7189734 -2
37538 1
-37538 -1
10557 1
-10557 -1
72637 1
37452 1
-110089 -2
37807 1
-37807 -1
26675 1
-26675 -1
3235527 1
-3235527 -1
26779 1
-26779 -1
52165 1
52497 1
37762 1
37785 1
52489 1
-232698 -5
52159 1
52176 1
-104335 -2
29624 1
-29624 -1
44286 1
-44286 -1
37688 1
-37688 -1
52142 1
52137 1
-104279 -2
11389 1
-11389 -1
52546 1
-52546 -1
37560 1
-37560 -1
52162 1
-52162 -1
37493 1
-37493 -1
52189 1
-52189 -1
37586 1
-37586 -1
52515 1
52461 1
-104976 -2
52524 1
-52524 -1
52182 1
-52182 -1
52502 1
52191 1
-104693 -2
38304 1
37520 1
27941 1
-103765 -3
54075 1
54025 1
49317 1
-157417 -3
37576 1
-37576 -1
48605 1
37783 1
37868 1
54026 1
-178282 -4
53938 1
-53938 -1
54214 1
54237 1
-108451 -2
53920 1
-53920 -1
38016 1
37412 1
-75428 -2
53886 1
53919 1
-107805 -2
48990 1
59957 1
-108947 -2
37918 1
-37918 -1
71745 1
-71745 -1
53920 1
53903 1
37587 1
53890 1
50467 1
-249767 -5
39113 1
-39113 -1
38122 1
-38122 -1
53931 1
-53931 -1
9454 1
-9454 -1
38687 1
-38687 -1
54248 1
-54248 -1
38067 1
37666 1
-75733 -2
38293 1
-38293 -1
26739 1
-26739 -1
54236 1
-54236 -1
38020 1
-38020 -1
13209 1
-13209 -1
53898 1
37660 1
-91558 -2
37747 1
-37747 -1
38156 1
38432 1
-76588 -2
20054 1
-20054 -1
45624 1
53895 1
-99519 -2
48995 1
-48995 -1
38532 1
37368 1
-75900 -2
37362 1
-37362 -1
53904 1
53886 1
-107790 -2
50287 1
53902 1
-104189 -2
38463 1
-38463 -1
37865 1
-37865 -1
60147 1
-60147 -1
54230 1
-54230 -1
50279 1
-50279 -1
38568 1
-38568 -1
38049 1
-38049 -1
54188 1
-54188 -1
37991 1
-37991 -1
37795 1
-37795 -1
33633 1
-33633 -1
54239 1
-54239 -1
53914 1
-53914 -1
37804 1
-37804 -1
53878 1
-53878 -1
38310 1
-38310 -1
37959 1
-37959 -1
34169 1
-34169 -1
54299 1
-54299 -1
38315 1
-38315 -1
54230 1
-54230 -1
46217 1
-46217 -1
54219 1
-54219 -1
45364 1
-45364 -1
38049 1
37659 1
-75708 -2
54243 1
-54243 -1
1214520 1
1214539 1
-2429059 -2
48990 1
-48990 -1
37928 1
-37928 -1
54225 1
-54225 -1
54250 1
-54250 -1
54590 1
-54590 -1
38891 1
-38891 -1
54293 1
11484 1
-65777 -2
38325 1
-38325 -1
38906 1
39020 1
-77926 -2
37889 1
38102 1
-75991 -2
206639 1
-206639 -1
54247 1
54374 1
37852 1
-146473 -3
60762 1
54272 1
-115034 -2
38799 1
-38799 -1
37945 1
-37945 -1
54248 1
-54248 -1
38597 1
-38597 -1
48667 1
-48667 -1
54253 1
-54253 -1
54271 1
-54271 -1
38867 1
-38867 -1
54239 1
-54239 -1
39046 1
-39046 -1
37995 1
-37995 -1
54596 1
-54596 -1
39545 1
-39545 -1
54594 1
-54594 -1
38814 1
38917 1
37884 1
-115615 -3
38558 1
-38558 -1
72507 1
-72507 -1
54588 1
-54588 -1
38548 1
-38548 -1
54613 1
-54613 -1
38287 1
38270 1
-76557 -2
29363 1
38072 1
-67435 -2
54601 1
54453 1
54664 1
-163718 -3
11915 1
-11915 -1
38127 1
-38127 -1
38255 1
-38255 -1
54621 1
-54621 -1
377165 1
-377165 -1
54639 1
-54639 -1
38198 1
-38198 -1
54558 1
-54558 -1
13291 1
-13291 -1
9256 1
-9256 -1
40537 1
-40537 -1
54612 1
54494 1
-109106 -2
11916 1
-11916 -1
12057 1
12098 1
12025 1
-36180 -3
11920 1
-11920 -1
12029 1
-12029 -1
54582 1
54603 1
-109185 -2
54613 1
-54613 -1
50923 1
-50923 -1
54605 1
54699 1
-109304 -2
24825 1
-24825 -1
54613 1
-54613 -1
38045 1
-38045 -1
48656 1
-48656 -1
54619 1
-54619 -1
54588 1
-54588 -1
54504 1
-54504 -1
54625 1
-54625 -1
54625 1
-54625 -1
54651 1
-54651 -1
9946 1
-9946 -1
72078 1
-72078 -1
54626 1
-54626 -1
26531 1
-26531 -1
54624 1
-54624 -1
54619 1
29370 1
-83989 -2
54591 1
-54591 -1
12069 1
-12069 -1
54617 1
-54617 -1
54622 1
54623 1
-109245 -2
26693 1
-26693 -1
54617 1
-54617 -1
48340 1
-48340 -1
54576 1
-54576 -1
3921973 1
-3921973 -1
54632 1
-54632 -1
54597 1
11772 1
-66369 -2
26026 1
-26026 -1
49360 1
-49360 -1
49402 1
19302 1
-68704 -2
54609 1
-54609 -1
25786 1
-25786 -1
54598 1
-54598 -1
54616 1
-54616 -1
54681 1
54623 1
-109304 -2
22715 1
-22715 -1
23497 1
-23497 -1
23190 1
-23190 -1
54701 1
-54701 -1
38198 1
8589 1
-46787 -2
38275 1
3225746 1
-3264021 -2
54661 1
38453 1
-93114 -2
28631 1
-28631 -1
54580 1
-54580 -1
48361 1
-48361 -1
26106 1
-26106 -1
31100 1
-31100 -1
27927 1
-27927 -1
51131 1
-51131 -1
1074999 1
-1074999 -1
326976 1
-326976 -1
56135 1
-56135 -1
262887 1
-262887 -1
490043 1
-490043 -1
57740 1
250829 1
51471 1
249383 1
1237065 1
781431 1
164092 1
51207 1
186318 1
352630 1
29835 1
29930 1
373469 1
215359 1
29929 1
48518 1
765828 1
1808745 1
30399 1
1240019 1
30706 1
130574 1
30718 1
29358 1
29323 1
132795 1
29422 1
452545 1
56588 1
56519 1
32269 1
420550 1
32585 1
60014 1
